activation: lrelu, batch_size: 50, learning_rate: 0.10, number_epochs: 100, init: GlorotUniformInit, time: 455.33
error(train),acc(train),error(valid),acc(valid),params_penalty
2.77800708,0.08968000,2.77861401,0.09010000,0.00000000
0.12921514,0.96012000,0.13798209,0.95800000,0.00000000
0.06499543,0.98070000,0.09754175,0.97140000,0.00000000
0.04778879,0.98618000,0.09440419,0.97450000,0.00000000
0.04269980,0.98656000,0.09994755,0.97140000,0.00000000
0.03010551,0.99118000,0.08314061,0.97530000,0.00000000
0.02183340,0.99354000,0.08925768,0.97410000,0.00000000
0.01929189,0.99400000,0.09416430,0.97650000,0.00000000
0.01269071,0.99632000,0.08754954,0.97690000,0.00000000
0.00980111,0.99734000,0.08960317,0.97730000,0.00000000
0.00552242,0.99896000,0.09179754,0.97880000,0.00000000
0.00433324,0.99938000,0.09419098,0.97760000,0.00000000
0.00227926,0.99974000,0.08863204,0.97970000,0.00000000
0.00226615,0.99978000,0.09771886,0.98090000,0.00000000
0.00133086,0.99990000,0.09526152,0.98010000,0.00000000
0.00087697,1.00000000,0.09473545,0.97980000,0.00000000
0.00067643,1.00000000,0.09537042,0.98010000,0.00000000
0.00057935,1.00000000,0.09629275,0.98010000,0.00000000
0.00052836,1.00000000,0.09798012,0.98000000,0.00000000
0.00047847,1.00000000,0.09944528,0.98010000,0.00000000
0.00046430,1.00000000,0.10034839,0.98000000,0.00000000
0.00039167,1.00000000,0.10059072,0.98030000,0.00000000
0.00037817,1.00000000,0.10076003,0.98020000,0.00000000
0.00034047,1.00000000,0.10137717,0.97990000,0.00000000
0.00032098,1.00000000,0.10206997,0.98020000,0.00000000
0.00031095,1.00000000,0.10354088,0.98000000,0.00000000
0.00028825,1.00000000,0.10366848,0.97980000,0.00000000
0.00027512,1.00000000,0.10432409,0.98000000,0.00000000
0.00026545,1.00000000,0.10481136,0.97990000,0.00000000
0.00025360,1.00000000,0.10532319,0.97990000,0.00000000
0.00023865,1.00000000,0.10561344,0.98010000,0.00000000
0.00022745,1.00000000,0.10592123,0.98010000,0.00000000
0.00021712,1.00000000,0.10654450,0.98010000,0.00000000
0.00021255,1.00000000,0.10666704,0.98020000,0.00000000
0.00020306,1.00000000,0.10712091,0.97970000,0.00000000
0.00019571,1.00000000,0.10797661,0.97990000,0.00000000
0.00019037,1.00000000,0.10777377,0.98030000,0.00000000
0.00018202,1.00000000,0.10822851,0.98000000,0.00000000
0.00017565,1.00000000,0.10927390,0.98010000,0.00000000
0.00017125,1.00000000,0.10933230,0.98000000,0.00000000
0.00016396,1.00000000,0.10932320,0.98010000,0.00000000
0.00016005,1.00000000,0.11008309,0.98010000,0.00000000
0.00015459,1.00000000,0.11018743,0.98010000,0.00000000
0.00015114,1.00000000,0.11061367,0.97990000,0.00000000
0.00014622,1.00000000,0.11047700,0.98020000,0.00000000
0.00014195,1.00000000,0.11124867,0.98000000,0.00000000
0.00013807,1.00000000,0.11143725,0.98010000,0.00000000
0.00013532,1.00000000,0.11165288,0.98010000,0.00000000
0.00013089,1.00000000,0.11205954,0.97990000,0.00000000
0.00012755,1.00000000,0.11229099,0.97990000,0.00000000
0.00012485,1.00000000,0.11261709,0.98000000,0.00000000
0.00012181,1.00000000,0.11313735,0.98020000,0.00000000
0.00011880,1.00000000,0.11336283,0.97990000,0.00000000
0.00011580,1.00000000,0.11352835,0.98010000,0.00000000
0.00011339,1.00000000,0.11379278,0.98000000,0.00000000
0.00011080,1.00000000,0.11377717,0.98010000,0.00000000
0.00010834,1.00000000,0.11399203,0.97990000,0.00000000
0.00010595,1.00000000,0.11463192,0.98000000,0.00000000
0.00010392,1.00000000,0.11476282,0.97990000,0.00000000
0.00010168,1.00000000,0.11486463,0.97980000,0.00000000
0.00010015,1.00000000,0.11508270,0.98010000,0.00000000
0.00009775,1.00000000,0.11535742,0.98010000,0.00000000
0.00009575,1.00000000,0.11563387,0.98000000,0.00000000
0.00009399,1.00000000,0.11589999,0.98000000,0.00000000
0.00009262,1.00000000,0.11595893,0.98000000,0.00000000
0.00009065,1.00000000,0.11613332,0.98010000,0.00000000
0.00008947,1.00000000,0.11640156,0.98030000,0.00000000
0.00008741,1.00000000,0.11685145,0.98000000,0.00000000
0.00008569,1.00000000,0.11697646,0.98010000,0.00000000
0.00008423,1.00000000,0.11707615,0.98000000,0.00000000
0.00008288,1.00000000,0.11726518,0.98010000,0.00000000
0.00008169,1.00000000,0.11751171,0.98020000,0.00000000
0.00008003,1.00000000,0.11765582,0.98030000,0.00000000
0.00007901,1.00000000,0.11789369,0.98000000,0.00000000
0.00007781,1.00000000,0.11806306,0.98010000,0.00000000
0.00007626,1.00000000,0.11824746,0.98010000,0.00000000
0.00007516,1.00000000,0.11823009,0.98010000,0.00000000
0.00007404,1.00000000,0.11870336,0.98010000,0.00000000
0.00007281,1.00000000,0.11877311,0.98020000,0.00000000
0.00007172,1.00000000,0.11897040,0.98020000,0.00000000
0.00007096,1.00000000,0.11912673,0.98030000,0.00000000
0.00006969,1.00000000,0.11929079,0.98040000,0.00000000
0.00006868,1.00000000,0.11946676,0.98030000,0.00000000
0.00006796,1.00000000,0.11966977,0.98030000,0.00000000
0.00006665,1.00000000,0.11975755,0.98020000,0.00000000
0.00006596,1.00000000,0.12005012,0.98020000,0.00000000
0.00006490,1.00000000,0.12002915,0.98000000,0.00000000
0.00006394,1.00000000,0.12038202,0.98000000,0.00000000
0.00006311,1.00000000,0.12051927,0.98010000,0.00000000
0.00006236,1.00000000,0.12059804,0.98010000,0.00000000
0.00006141,1.00000000,0.12083699,0.98000000,0.00000000
0.00006068,1.00000000,0.12101424,0.98020000,0.00000000
0.00005989,1.00000000,0.12117569,0.98030000,0.00000000
0.00005904,1.00000000,0.12129043,0.98010000,0.00000000
0.00005830,1.00000000,0.12150334,0.98030000,0.00000000
0.00005765,1.00000000,0.12146588,0.98030000,0.00000000
0.00005694,1.00000000,0.12180947,0.98020000,0.00000000
0.00005617,1.00000000,0.12185718,0.98000000,0.00000000
0.00005563,1.00000000,0.12214169,0.98020000,0.00000000
0.00005482,1.00000000,0.12227123,0.98020000,0.00000000
0.00005429,1.00000000,0.12237963,0.98020000,0.00000000
