error(train),acc(train),error(valid),acc(valid),params_penalty
2.38838397,0.09202000,2.39542033,0.09190000,0.00000000
0.36797827,0.89542000,0.33638507,0.90670000,0.00000000
0.31974287,0.90980000,0.29555963,0.91690000,0.00000000
0.29813484,0.91588000,0.28086572,0.92350000,0.00000000
0.27558944,0.92166000,0.26275938,0.92560000,0.00000000
0.25724344,0.92782000,0.24609034,0.93160000,0.00000000
0.23968492,0.93284000,0.23137352,0.93720000,0.00000000
0.22405805,0.93696000,0.21805504,0.93960000,0.00000000
0.21018053,0.94098000,0.20583757,0.94340000,0.00000000
0.20126333,0.94338000,0.19927836,0.94530000,0.00000000
0.18487989,0.94770000,0.18531388,0.95070000,0.00000000
0.17434452,0.95032000,0.17640685,0.95260000,0.00000000
0.16557560,0.95304000,0.16899180,0.95520000,0.00000000
0.15648846,0.95522000,0.16241089,0.95530000,0.00000000
0.14901761,0.95774000,0.15494562,0.95730000,0.00000000
0.13965678,0.96024000,0.14789106,0.95900000,0.00000000
0.13373963,0.96190000,0.14346913,0.96030000,0.00000000
0.12814244,0.96392000,0.13991123,0.96110000,0.00000000
0.12241098,0.96508000,0.13505606,0.96110000,0.00000000
0.11764900,0.96708000,0.13133516,0.96180000,0.00000000
0.11272579,0.96828000,0.12832518,0.96290000,0.00000000
0.10873614,0.96936000,0.12490410,0.96440000,0.00000000
0.10413433,0.97088000,0.12189639,0.96600000,0.00000000
0.10070639,0.97160000,0.11937741,0.96520000,0.00000000
0.09701223,0.97334000,0.11668707,0.96560000,0.00000000
0.09351241,0.97412000,0.11387175,0.96680000,0.00000000
0.09144222,0.97442000,0.11287818,0.96790000,0.00000000
0.08765932,0.97584000,0.10971342,0.96780000,0.00000000
0.08492147,0.97658000,0.10809286,0.96770000,0.00000000
0.08278773,0.97724000,0.10704444,0.96830000,0.00000000
0.07999620,0.97826000,0.10512925,0.96930000,0.00000000
0.07698330,0.97902000,0.10298691,0.97030000,0.00000000
0.07642626,0.97910000,0.10347934,0.96970000,0.00000000
0.07334332,0.97918000,0.10144631,0.97030000,0.00000000
0.07012575,0.98094000,0.09809676,0.97200000,0.00000000
0.06784050,0.98108000,0.09702764,0.97090000,0.00000000
0.06673886,0.98210000,0.09623195,0.97230000,0.00000000
0.06436781,0.98264000,0.09423781,0.97190000,0.00000000
0.06261407,0.98336000,0.09411256,0.97150000,0.00000000
0.06177667,0.98358000,0.09260746,0.97270000,0.00000000
0.05938958,0.98360000,0.09166606,0.97360000,0.00000000
0.05787011,0.98446000,0.09080780,0.97280000,0.00000000
0.05687387,0.98438000,0.09140817,0.97220000,0.00000000
0.05458921,0.98534000,0.08958420,0.97220000,0.00000000
0.05316802,0.98580000,0.08875379,0.97270000,0.00000000
0.05260406,0.98624000,0.08931548,0.97280000,0.00000000
0.05097481,0.98670000,0.08822067,0.97250000,0.00000000
0.05027339,0.98640000,0.08877723,0.97220000,0.00000000
0.04837691,0.98750000,0.08667566,0.97360000,0.00000000
0.04773386,0.98764000,0.08673001,0.97350000,0.00000000
0.04595733,0.98824000,0.08501269,0.97370000,0.00000000
0.04530607,0.98812000,0.08558521,0.97290000,0.00000000
0.04529970,0.98836000,0.08547566,0.97290000,0.00000000
0.04391312,0.98884000,0.08361877,0.97410000,0.00000000
0.04224206,0.98954000,0.08433128,0.97370000,0.00000000
0.04120247,0.98974000,0.08407643,0.97320000,0.00000000
0.04023482,0.99004000,0.08273227,0.97480000,0.00000000
0.03915916,0.99088000,0.08179825,0.97500000,0.00000000
0.03869117,0.99044000,0.08286411,0.97420000,0.00000000
0.03785999,0.99110000,0.08277147,0.97540000,0.00000000
0.03729688,0.99124000,0.08160511,0.97420000,0.00000000
0.03780497,0.99052000,0.08309281,0.97330000,0.00000000
0.03561232,0.99174000,0.08170549,0.97530000,0.00000000
0.03433690,0.99232000,0.08107015,0.97470000,0.00000000
0.03466587,0.99200000,0.08205208,0.97580000,0.00000000
0.03323562,0.99240000,0.08091104,0.97510000,0.00000000
0.03264925,0.99292000,0.07997377,0.97700000,0.00000000
0.03163180,0.99320000,0.08030276,0.97500000,0.00000000
0.03092896,0.99318000,0.07964354,0.97560000,0.00000000
0.03038641,0.99362000,0.08044899,0.97530000,0.00000000
0.02990054,0.99368000,0.08013592,0.97570000,0.00000000
0.02907702,0.99410000,0.07955692,0.97530000,0.00000000
0.02850666,0.99442000,0.07950760,0.97570000,0.00000000
0.02791681,0.99450000,0.07971033,0.97620000,0.00000000
0.02739201,0.99470000,0.07847415,0.97690000,0.00000000
0.02732359,0.99424000,0.07947664,0.97610000,0.00000000
0.02647842,0.99496000,0.08008371,0.97590000,0.00000000
0.02590678,0.99514000,0.07929230,0.97620000,0.00000000
0.02549478,0.99514000,0.07911085,0.97590000,0.00000000
0.02502147,0.99552000,0.07908390,0.97620000,0.00000000
0.02458478,0.99546000,0.07941727,0.97600000,0.00000000
0.02473241,0.99518000,0.07978393,0.97580000,0.00000000
0.02350138,0.99588000,0.07877384,0.97670000,0.00000000
0.02320852,0.99588000,0.07866354,0.97710000,0.00000000
0.02283462,0.99596000,0.07954711,0.97570000,0.00000000
0.02281437,0.99594000,0.07893613,0.97710000,0.00000000
0.02198669,0.99630000,0.07960729,0.97620000,0.00000000
0.02154095,0.99654000,0.07847155,0.97570000,0.00000000
0.02095458,0.99666000,0.07848780,0.97550000,0.00000000
0.02067454,0.99682000,0.07863913,0.97720000,0.00000000
0.02058626,0.99674000,0.07928706,0.97630000,0.00000000
0.02013968,0.99686000,0.07860140,0.97660000,0.00000000
0.01954429,0.99700000,0.07927658,0.97680000,0.00000000
0.01925263,0.99724000,0.07918541,0.97640000,0.00000000
0.01885663,0.99720000,0.07867057,0.97700000,0.00000000
0.01833847,0.99748000,0.07849487,0.97700000,0.00000000
0.01815741,0.99756000,0.07906894,0.97740000,0.00000000
0.01789734,0.99770000,0.07907238,0.97730000,0.00000000
0.01745425,0.99772000,0.07880396,0.97640000,0.00000000
0.01736715,0.99782000,0.07889450,0.97720000,0.00000000
0.01688415,0.99792000,0.07906045,0.97700000,0.00000000
