batch_size: 50, learning_rate: 0.01, number_epochs: 100, weights_penalty_coeff: 0.000100,  biases_penalty_coeff: 0.000100,time: 180.34
error(train),acc(train),error(valid),acc(valid),params_penalty
2.30103994,0.10242000,2.30138170,0.10260000,0.00367503
0.13962873,0.95796000,0.14155570,0.95720000,0.00627175
0.08906344,0.97348000,0.11411040,0.96530000,0.00749348
0.06368742,0.98116000,0.10158540,0.96900000,0.00838803
0.04225266,0.98756000,0.08801339,0.97290000,0.00917376
0.03504919,0.98906000,0.08463188,0.97320000,0.00988918
0.03004417,0.99042000,0.09023406,0.97320000,0.01049581
0.02211694,0.99340000,0.08878662,0.97740000,0.01109159
0.01627339,0.99556000,0.08762195,0.97780000,0.01155908
0.01558633,0.99538000,0.08609447,0.97790000,0.01199436
0.01339777,0.99594000,0.09113245,0.97680000,0.01235626
0.00775913,0.99822000,0.08540872,0.97950000,0.01266895
0.01311334,0.99570000,0.10138794,0.97420000,0.01290669
0.00483626,0.99884000,0.09185822,0.97860000,0.01311686
0.00359031,0.99938000,0.09448273,0.97940000,0.01324612
0.00245908,0.99976000,0.09416695,0.97960000,0.01327523
0.00138481,1.00000000,0.09446989,0.97990000,0.01320820
0.00104421,0.99998000,0.09194827,0.98050000,0.01310387
0.00097908,0.99998000,0.09216721,0.98010000,0.01298245
0.00091327,0.99998000,0.09195038,0.98030000,0.01285568
0.00088714,1.00000000,0.09092750,0.98100000,0.01272913
0.00083130,1.00000000,0.09154943,0.98060000,0.01260348
0.00082663,1.00000000,0.08983659,0.98140000,0.01247843
0.00084354,1.00000000,0.09098845,0.97970000,0.01235596
0.00086875,1.00000000,0.08878447,0.98110000,0.01223706
0.00087438,1.00000000,0.08892423,0.98040000,0.01212163
0.00083855,1.00000000,0.08880651,0.98080000,0.01200955
0.00084451,1.00000000,0.08775884,0.98120000,0.01189995
0.00089838,1.00000000,0.08769043,0.98100000,0.01179399
0.00088135,1.00000000,0.08746153,0.98090000,0.01169086
0.00085953,1.00000000,0.08804884,0.98110000,0.01159061
0.00095861,1.00000000,0.08729649,0.98080000,0.01149421
0.00087889,1.00000000,0.08677516,0.98080000,0.01140133
0.00087211,1.00000000,0.08638222,0.98100000,0.01131100
0.00090805,1.00000000,0.08612488,0.98060000,0.01122415
0.00089017,1.00000000,0.08687594,0.98070000,0.01113961
0.00089548,1.00000000,0.08602274,0.98100000,0.01105693
0.00092638,1.00000000,0.08540024,0.98080000,0.01097626
0.00088788,1.00000000,0.08470670,0.98110000,0.01090055
0.00089113,1.00000000,0.08503760,0.98060000,0.01082560
0.00095630,1.00000000,0.08457930,0.98090000,0.01075204
0.00096761,1.00000000,0.08478556,0.98070000,0.01067982
0.00091116,1.00000000,0.08442387,0.98070000,0.01061005
0.00094193,1.00000000,0.08395225,0.98140000,0.01054251
0.00109433,1.00000000,0.08346051,0.98110000,0.01047779
0.00091037,1.00000000,0.08379867,0.98110000,0.01041402
0.00095962,1.00000000,0.08350549,0.98020000,0.01035158
0.00093270,1.00000000,0.08359606,0.98050000,0.01029267
0.00093626,1.00000000,0.08347727,0.98100000,0.01023387
0.00095293,1.00000000,0.08284266,0.98150000,0.01017580
0.00099023,1.00000000,0.08311316,0.98090000,0.01012016
0.00093882,1.00000000,0.08360888,0.98040000,0.01006657
0.00095578,1.00000000,0.08237069,0.98120000,0.01001278
0.00095963,1.00000000,0.08282949,0.98170000,0.00996300
0.00098453,1.00000000,0.08333920,0.98120000,0.00991322
0.00096551,1.00000000,0.08300853,0.98020000,0.00986628
0.00100267,1.00000000,0.08210669,0.98130000,0.00981843
0.00092894,1.00000000,0.08278643,0.98100000,0.00977198
0.00096496,1.00000000,0.08233345,0.98120000,0.00972589
0.00092146,1.00000000,0.08149282,0.98120000,0.00968156
0.00095002,1.00000000,0.08151109,0.98090000,0.00963779
0.00093981,1.00000000,0.08161115,0.98140000,0.00959552
0.00093720,1.00000000,0.08164147,0.98100000,0.00955393
0.00093350,1.00000000,0.08243072,0.98090000,0.00951475
0.00094600,1.00000000,0.08274595,0.98150000,0.00947621
0.00096191,1.00000000,0.08146291,0.98150000,0.00943767
0.00093055,1.00000000,0.08072795,0.98120000,0.00940005
0.00093473,1.00000000,0.08164851,0.98100000,0.00936353
0.00093911,1.00000000,0.08112015,0.98110000,0.00932803
0.00094869,1.00000000,0.08063114,0.98110000,0.00929281
0.00093665,1.00000000,0.08243905,0.98100000,0.00925771
0.00096633,1.00000000,0.08202302,0.98120000,0.00922450
0.00093608,1.00000000,0.08053727,0.98160000,0.00919160
0.00095726,1.00000000,0.08189264,0.98160000,0.00915972
0.00095506,1.00000000,0.08104538,0.98150000,0.00912831
0.00091196,1.00000000,0.08064500,0.98130000,0.00909680
0.00095064,1.00000000,0.08114790,0.98120000,0.00906665
0.00093669,1.00000000,0.08016328,0.98180000,0.00903687
0.00096490,1.00000000,0.08059765,0.98150000,0.00900746
0.00093976,1.00000000,0.08087646,0.98120000,0.00897977
0.00096131,1.00000000,0.08037437,0.98060000,0.00895181
0.00097581,1.00000000,0.07991588,0.98150000,0.00892451
0.00093264,1.00000000,0.08044691,0.98110000,0.00889740
0.00095601,1.00000000,0.08067671,0.98130000,0.00887153
0.00093378,1.00000000,0.08063831,0.98170000,0.00884518
0.00091883,1.00000000,0.08054997,0.98160000,0.00881909
0.00103281,1.00000000,0.07970012,0.98120000,0.00879471
0.00093900,1.00000000,0.07984633,0.98210000,0.00877093
0.00092969,1.00000000,0.07915649,0.98170000,0.00874719
0.00091829,1.00000000,0.07931456,0.98200000,0.00872397
0.00095480,1.00000000,0.08093022,0.98120000,0.00870097
0.00094050,1.00000000,0.08075134,0.98070000,0.00867854
0.00091911,1.00000000,0.08005578,0.98140000,0.00865689
0.00091980,1.00000000,0.08007589,0.98140000,0.00863645
0.00102867,1.00000000,0.07867656,0.98170000,0.00861446
0.00092367,1.00000000,0.07940342,0.98230000,0.00859428
0.00094211,1.00000000,0.07936648,0.98190000,0.00857381
0.00092409,1.00000000,0.07968054,0.98150000,0.00855388
0.00092641,1.00000000,0.07948128,0.98130000,0.00853883
0.00092395,1.00000000,0.08027486,0.98110000,0.00852021
0.00092080,1.00000000,0.07991952,0.98150000,0.00849971
