error(train),acc(train),error(valid),acc(valid),params_penalty
53.53204762,0.05958000,53.38550083,0.05550000,0.00000000
1.24485042,0.85650000,1.15473813,0.86800000,0.00000000
0.85143148,0.87586000,0.82617716,0.88170000,0.00000000
0.77226169,0.86640000,0.76364967,0.87060000,0.00000000
0.52320577,0.89490000,0.52008436,0.89840000,0.00000000
0.45765660,0.90224000,0.46439647,0.90170000,0.00000000
0.39808329,0.90886000,0.41765534,0.90600000,0.00000000
0.31715250,0.92302000,0.33702345,0.91780000,0.00000000
0.29749502,0.92436000,0.32285813,0.91980000,0.00000000
0.27162383,0.92970000,0.29880544,0.92240000,0.00000000
0.30391049,0.91772000,0.32715419,0.91360000,0.00000000
0.24533344,0.93350000,0.27570782,0.92740000,0.00000000
0.24455398,0.93360000,0.27678881,0.92840000,0.00000000
0.28265598,0.91964000,0.29811078,0.91530000,0.00000000
0.23045352,0.93426000,0.26062576,0.92500000,0.00000000
0.20347526,0.94250000,0.23308254,0.93430000,0.00000000
0.20856128,0.94064000,0.24266757,0.93210000,0.00000000
0.20409298,0.94254000,0.23769624,0.93410000,0.00000000
0.18883695,0.94554000,0.22355434,0.93630000,0.00000000
0.18572636,0.94646000,0.21772300,0.93810000,0.00000000
0.18561336,0.94712000,0.22394430,0.93810000,0.00000000
0.17389731,0.94994000,0.21280642,0.94050000,0.00000000
0.16561345,0.95272000,0.20715993,0.94280000,0.00000000
0.17744138,0.94830000,0.22022074,0.93880000,0.00000000
0.16108116,0.95406000,0.20816347,0.94190000,0.00000000
0.15809320,0.95492000,0.20833136,0.94200000,0.00000000
0.16158195,0.95298000,0.21187546,0.94270000,0.00000000
0.15439011,0.95456000,0.20191084,0.94330000,0.00000000
0.15328971,0.95460000,0.20063547,0.94540000,0.00000000
0.15097279,0.95514000,0.20272221,0.94210000,0.00000000
0.14902232,0.95620000,0.20742528,0.94110000,0.00000000
0.13947917,0.95944000,0.19502996,0.94540000,0.00000000
0.13641426,0.96068000,0.19179018,0.94730000,0.00000000
0.13381056,0.96100000,0.19125044,0.94820000,0.00000000
0.13039618,0.96238000,0.18655340,0.94730000,0.00000000
0.13137266,0.96182000,0.19281558,0.94650000,0.00000000
0.13261924,0.96052000,0.18704514,0.94670000,0.00000000
0.12932032,0.96208000,0.18542354,0.94880000,0.00000000
0.12591957,0.96312000,0.18430442,0.94740000,0.00000000
0.12207280,0.96448000,0.18570617,0.94890000,0.00000000
0.11705654,0.96608000,0.18022370,0.95010000,0.00000000
0.12328950,0.96338000,0.18057752,0.95130000,0.00000000
0.12165765,0.96492000,0.18624270,0.94830000,0.00000000
0.11152321,0.96746000,0.18034029,0.95060000,0.00000000
0.11105170,0.96778000,0.17742543,0.95130000,0.00000000
0.11386473,0.96692000,0.18045419,0.94990000,0.00000000
0.10613488,0.96918000,0.17623834,0.95290000,0.00000000
0.11780840,0.96456000,0.18720318,0.95000000,0.00000000
0.10570676,0.96938000,0.17993989,0.95120000,0.00000000
0.10470141,0.96910000,0.18022219,0.95160000,0.00000000
0.09935831,0.97106000,0.17044519,0.95390000,0.00000000
0.10094850,0.97012000,0.18148989,0.95080000,0.00000000
0.09774664,0.97170000,0.17365631,0.95170000,0.00000000
0.10366107,0.96874000,0.17925740,0.95200000,0.00000000
0.10504623,0.96860000,0.18139237,0.95130000,0.00000000
0.09691261,0.97088000,0.17393977,0.95380000,0.00000000
0.09475303,0.97176000,0.17287828,0.95340000,0.00000000
0.09943667,0.97078000,0.17625938,0.95310000,0.00000000
0.09048496,0.97342000,0.17107279,0.95470000,0.00000000
0.09084630,0.97308000,0.17514358,0.95350000,0.00000000
0.08878410,0.97368000,0.16958472,0.95520000,0.00000000
0.09437367,0.97132000,0.17888305,0.95280000,0.00000000
0.09268846,0.97174000,0.18168661,0.95040000,0.00000000
0.08506003,0.97510000,0.17246988,0.95490000,0.00000000
0.08605646,0.97398000,0.17581442,0.95440000,0.00000000
0.08107800,0.97596000,0.16991023,0.95700000,0.00000000
0.08167157,0.97582000,0.16918815,0.95640000,0.00000000
0.08083832,0.97602000,0.17188252,0.95450000,0.00000000
0.08044561,0.97628000,0.16829293,0.95680000,0.00000000
0.08018987,0.97584000,0.17322639,0.95370000,0.00000000
0.08640955,0.97366000,0.18316242,0.95160000,0.00000000
0.07437038,0.97832000,0.16624883,0.95790000,0.00000000
0.07271753,0.97936000,0.16829924,0.95730000,0.00000000
0.07209388,0.97918000,0.16727498,0.95750000,0.00000000
0.07345206,0.97810000,0.16848544,0.95670000,0.00000000
0.06880411,0.98036000,0.16648450,0.95800000,0.00000000
0.07886877,0.97574000,0.18132721,0.95370000,0.00000000
0.07080650,0.97880000,0.17304837,0.95660000,0.00000000
0.07502259,0.97690000,0.17808635,0.95570000,0.00000000
0.06623676,0.98114000,0.16689037,0.95860000,0.00000000
0.06902063,0.97946000,0.17248808,0.95750000,0.00000000
0.06356664,0.98192000,0.16837390,0.95890000,0.00000000
0.06268557,0.98218000,0.16647295,0.95750000,0.00000000
0.06474455,0.98136000,0.17156974,0.95670000,0.00000000
0.06288400,0.98176000,0.17119969,0.95770000,0.00000000
0.06500996,0.98082000,0.17752939,0.95590000,0.00000000
0.06424305,0.98070000,0.17409524,0.95560000,0.00000000
0.05779898,0.98376000,0.16642611,0.96010000,0.00000000
0.05814320,0.98410000,0.17019265,0.95820000,0.00000000
0.05941812,0.98278000,0.17019032,0.95750000,0.00000000
0.05777858,0.98374000,0.17457436,0.95710000,0.00000000
0.05734937,0.98362000,0.17309203,0.95690000,0.00000000
0.05484042,0.98464000,0.17027598,0.95810000,0.00000000
0.05280651,0.98584000,0.17001629,0.95870000,0.00000000
0.05591200,0.98398000,0.17471172,0.95780000,0.00000000
0.05317764,0.98524000,0.17420319,0.95790000,0.00000000
0.05147632,0.98614000,0.16936024,0.95860000,0.00000000
0.05267308,0.98506000,0.16910729,0.95940000,0.00000000
0.05248225,0.98490000,0.17248829,0.95790000,0.00000000
0.05092374,0.98536000,0.17112984,0.95900000,0.00000000
0.05101569,0.98586000,0.17390763,0.95890000,0.00000000
