error(train),acc(train),error(valid),acc(valid),params_penalty
2.47536685,0.09566000,2.48295052,0.09640000,0.00000000
0.34863383,0.90036000,0.32063375,0.90900000,0.00000000
0.30527818,0.91424000,0.28458348,0.91980000,0.00000000
0.28660689,0.91832000,0.27241538,0.92430000,0.00000000
0.26538984,0.92492000,0.25640846,0.92770000,0.00000000
0.24834829,0.93014000,0.24043814,0.93260000,0.00000000
0.23273437,0.93442000,0.22766498,0.93740000,0.00000000
0.21774839,0.93804000,0.21437026,0.94210000,0.00000000
0.20421857,0.94242000,0.20209204,0.94550000,0.00000000
0.19544569,0.94526000,0.19596758,0.94720000,0.00000000
0.17925238,0.94944000,0.18214084,0.95110000,0.00000000
0.16920085,0.95194000,0.17357228,0.95390000,0.00000000
0.16091612,0.95402000,0.16632734,0.95400000,0.00000000
0.15162548,0.95658000,0.16000640,0.95600000,0.00000000
0.14533126,0.95926000,0.15442425,0.95860000,0.00000000
0.13401755,0.96208000,0.14551421,0.95990000,0.00000000
0.12794301,0.96378000,0.14150101,0.96080000,0.00000000
0.12281882,0.96540000,0.13863575,0.96190000,0.00000000
0.11686807,0.96726000,0.13345537,0.96260000,0.00000000
0.11190169,0.96884000,0.12979514,0.96340000,0.00000000
0.10708105,0.97026000,0.12705006,0.96440000,0.00000000
0.10376946,0.97086000,0.12392884,0.96380000,0.00000000
0.09804974,0.97272000,0.12074284,0.96590000,0.00000000
0.09492636,0.97382000,0.11836387,0.96580000,0.00000000
0.09172580,0.97458000,0.11602710,0.96610000,0.00000000
0.08871385,0.97568000,0.11377448,0.96720000,0.00000000
0.08760823,0.97546000,0.11418510,0.96860000,0.00000000
0.08273809,0.97756000,0.11035757,0.96640000,0.00000000
0.08009524,0.97828000,0.10856632,0.96750000,0.00000000
0.07814530,0.97882000,0.10769333,0.96830000,0.00000000
0.07530460,0.97954000,0.10627781,0.96900000,0.00000000
0.07185161,0.98058000,0.10402052,0.97030000,0.00000000
0.07236056,0.98048000,0.10561788,0.96990000,0.00000000
0.06843475,0.98160000,0.10242889,0.96930000,0.00000000
0.06528689,0.98260000,0.09958998,0.97040000,0.00000000
0.06314032,0.98342000,0.09859844,0.97040000,0.00000000
0.06250980,0.98336000,0.09876424,0.97100000,0.00000000
0.05973042,0.98454000,0.09626987,0.97120000,0.00000000
0.05896691,0.98480000,0.09789208,0.97000000,0.00000000
0.05762597,0.98514000,0.09592770,0.97180000,0.00000000
0.05520507,0.98610000,0.09453245,0.97240000,0.00000000
0.05350886,0.98690000,0.09359800,0.97170000,0.00000000
0.05335706,0.98622000,0.09510515,0.97190000,0.00000000
0.05047046,0.98764000,0.09270959,0.97160000,0.00000000
0.04923579,0.98778000,0.09181234,0.97260000,0.00000000
0.04906423,0.98786000,0.09361770,0.97170000,0.00000000
0.04682194,0.98878000,0.09149781,0.97250000,0.00000000
0.04633597,0.98842000,0.09269090,0.97160000,0.00000000
0.04477119,0.98908000,0.09164826,0.97280000,0.00000000
0.04378933,0.98920000,0.09139224,0.97270000,0.00000000
0.04210674,0.99002000,0.08987912,0.97250000,0.00000000
0.04158892,0.99034000,0.09064482,0.97220000,0.00000000
0.04190538,0.98992000,0.09115683,0.97140000,0.00000000
0.04101085,0.99018000,0.08913301,0.97280000,0.00000000
0.03880724,0.99116000,0.08913374,0.97310000,0.00000000
0.03820645,0.99118000,0.09024979,0.97270000,0.00000000
0.03685097,0.99150000,0.08888891,0.97330000,0.00000000
0.03616962,0.99198000,0.08700685,0.97420000,0.00000000
0.03511726,0.99212000,0.08863296,0.97260000,0.00000000
0.03461070,0.99240000,0.08873111,0.97340000,0.00000000
0.03436931,0.99244000,0.08715493,0.97370000,0.00000000
0.03420296,0.99248000,0.08944182,0.97110000,0.00000000
0.03233250,0.99330000,0.08823894,0.97240000,0.00000000
0.03103193,0.99360000,0.08756510,0.97270000,0.00000000
0.03155399,0.99322000,0.08987762,0.97180000,0.00000000
0.03013957,0.99378000,0.08739648,0.97310000,0.00000000
0.02951001,0.99422000,0.08750134,0.97370000,0.00000000
0.02867701,0.99440000,0.08755460,0.97410000,0.00000000
0.02797706,0.99462000,0.08742918,0.97230000,0.00000000
0.02751391,0.99472000,0.08740542,0.97180000,0.00000000
0.02684163,0.99480000,0.08748354,0.97280000,0.00000000
0.02617339,0.99518000,0.08680085,0.97340000,0.00000000
0.02569823,0.99548000,0.08693813,0.97290000,0.00000000
0.02522518,0.99560000,0.08735272,0.97330000,0.00000000
0.02455609,0.99566000,0.08649054,0.97340000,0.00000000
0.02442358,0.99534000,0.08677605,0.97390000,0.00000000
0.02365833,0.99604000,0.08797268,0.97250000,0.00000000
0.02337884,0.99600000,0.08702100,0.97340000,0.00000000
0.02263198,0.99628000,0.08624608,0.97410000,0.00000000
0.02245230,0.99620000,0.08693086,0.97360000,0.00000000
0.02186405,0.99644000,0.08742122,0.97280000,0.00000000
0.02221561,0.99616000,0.08783648,0.97430000,0.00000000
0.02102006,0.99678000,0.08746320,0.97340000,0.00000000
0.02060092,0.99674000,0.08730640,0.97380000,0.00000000
0.02007962,0.99692000,0.08780622,0.97310000,0.00000000
0.02013498,0.99696000,0.08882517,0.97300000,0.00000000
0.01965553,0.99690000,0.08914788,0.97350000,0.00000000
0.01897999,0.99722000,0.08587396,0.97420000,0.00000000
0.01854625,0.99758000,0.08678696,0.97450000,0.00000000
0.01818157,0.99738000,0.08781524,0.97310000,0.00000000
0.01825277,0.99734000,0.08757037,0.97450000,0.00000000
0.01751044,0.99792000,0.08769347,0.97420000,0.00000000
0.01720126,0.99778000,0.08826012,0.97380000,0.00000000
0.01684645,0.99804000,0.08774972,0.97320000,0.00000000
0.01666938,0.99800000,0.08805467,0.97370000,0.00000000
0.01608635,0.99818000,0.08746273,0.97340000,0.00000000
0.01592556,0.99828000,0.08772269,0.97410000,0.00000000
0.01583251,0.99822000,0.08835415,0.97300000,0.00000000
0.01523079,0.99834000,0.08780100,0.97430000,0.00000000
0.01523146,0.99858000,0.08849413,0.97310000,0.00000000
0.01490286,0.99844000,0.08836892,0.97400000,0.00000000
