activation: sigmoid, batch_size: 50, learning_rate: 0.001, number_epochs: 100, init: GlorotUniformInit, time: 143.98
error(train),acc(train),error(valid),acc(valid),params_penalty
2.47390406,0.10194000,2.47057687,0.10290000,0.00000000
2.24752738,0.31546000,2.24658353,0.31640000,0.00000000
2.19358834,0.39000000,2.19110241,0.39900000,0.00000000
2.13881098,0.51444000,2.13462417,0.53410000,0.00000000
2.08038755,0.54390000,2.07481461,0.56360000,0.00000000
2.01771440,0.57168000,2.01078408,0.59170000,0.00000000
1.95080425,0.60686000,1.94208919,0.63010000,0.00000000
1.88001263,0.61716000,1.86982562,0.64000000,0.00000000
1.80631258,0.62974000,1.79447984,0.65290000,0.00000000
1.73079889,0.64848000,1.71718805,0.67310000,0.00000000
1.65465969,0.66462000,1.63905597,0.68800000,0.00000000
1.57914713,0.68364000,1.56164576,0.70770000,0.00000000
1.50542508,0.69804000,1.48592978,0.72170000,0.00000000
1.43442617,0.71036000,1.41308639,0.73280000,0.00000000
1.36675433,0.72434000,1.34368577,0.74820000,0.00000000
1.30295842,0.73594000,1.27836927,0.75790000,0.00000000
1.24310737,0.75408000,1.21678352,0.77660000,0.00000000
1.18723180,0.76818000,1.15928277,0.79110000,0.00000000
1.13528620,0.77918000,1.10589900,0.80380000,0.00000000
1.08703814,0.78662000,1.05652401,0.81160000,0.00000000
1.04229906,0.79480000,1.01058624,0.82230000,0.00000000
1.00082683,0.80080000,0.96813485,0.82710000,0.00000000
0.96237048,0.80796000,0.92875219,0.83420000,0.00000000
0.92668936,0.81578000,0.89226645,0.84140000,0.00000000
0.89356261,0.81946000,0.85852423,0.84500000,0.00000000
0.86277821,0.82622000,0.82720427,0.84910000,0.00000000
0.83410607,0.82990000,0.79813901,0.85230000,0.00000000
0.80736940,0.83526000,0.77103213,0.85740000,0.00000000
0.78242825,0.83912000,0.74564944,0.86040000,0.00000000
0.75911205,0.84336000,0.72218219,0.86310000,0.00000000
0.73731587,0.84686000,0.70017615,0.86620000,0.00000000
0.71688532,0.85068000,0.67961589,0.87050000,0.00000000
0.69771317,0.85368000,0.66044173,0.87180000,0.00000000
0.67965486,0.85638000,0.64241200,0.87470000,0.00000000
0.66271863,0.85926000,0.62564526,0.87740000,0.00000000
0.64671192,0.86218000,0.60961959,0.87930000,0.00000000
0.63162663,0.86430000,0.59469314,0.88060000,0.00000000
0.61740059,0.86664000,0.58067214,0.88260000,0.00000000
0.60395805,0.86856000,0.56739025,0.88370000,0.00000000
0.59123961,0.87000000,0.55493405,0.88540000,0.00000000
0.57920140,0.87264000,0.54305381,0.88690000,0.00000000
0.56779910,0.87408000,0.53191973,0.88720000,0.00000000
0.55697472,0.87626000,0.52137489,0.88880000,0.00000000
0.54671916,0.87762000,0.51138382,0.88930000,0.00000000
0.53696156,0.87918000,0.50192380,0.89130000,0.00000000
0.52770189,0.88070000,0.49292293,0.89180000,0.00000000
0.51890679,0.88150000,0.48443774,0.89270000,0.00000000
0.51051592,0.88254000,0.47635043,0.89330000,0.00000000
0.50252333,0.88354000,0.46861227,0.89400000,0.00000000
0.49491902,0.88476000,0.46133633,0.89480000,0.00000000
0.48767892,0.88520000,0.45443730,0.89560000,0.00000000
0.48075328,0.88600000,0.44782509,0.89680000,0.00000000
0.47414218,0.88716000,0.44147443,0.89730000,0.00000000
0.46782227,0.88816000,0.43540326,0.89800000,0.00000000
0.46178830,0.88936000,0.42966793,0.89860000,0.00000000
0.45601189,0.89002000,0.42426413,0.89940000,0.00000000
0.45048423,0.89068000,0.41892958,0.90010000,0.00000000
0.44519731,0.89146000,0.41400584,0.90080000,0.00000000
0.44012120,0.89210000,0.40918004,0.90130000,0.00000000
0.43524036,0.89300000,0.40452547,0.90200000,0.00000000
0.43054595,0.89366000,0.40005658,0.90280000,0.00000000
0.42605925,0.89424000,0.39592043,0.90360000,0.00000000
0.42172870,0.89508000,0.39186133,0.90390000,0.00000000
0.41757556,0.89560000,0.38797666,0.90410000,0.00000000
0.41355847,0.89634000,0.38413070,0.90490000,0.00000000
0.40969026,0.89674000,0.38047485,0.90480000,0.00000000
0.40596163,0.89754000,0.37702420,0.90540000,0.00000000
0.40236164,0.89818000,0.37368011,0.90500000,0.00000000
0.39889934,0.89860000,0.37045213,0.90550000,0.00000000
0.39552596,0.89920000,0.36728348,0.90590000,0.00000000
0.39230566,0.89966000,0.36432864,0.90600000,0.00000000
0.38913159,0.90000000,0.36133086,0.90680000,0.00000000
0.38609101,0.90034000,0.35853204,0.90720000,0.00000000
0.38313792,0.90078000,0.35577410,0.90800000,0.00000000
0.38028517,0.90118000,0.35310733,0.90870000,0.00000000
0.37751366,0.90172000,0.35054319,0.90930000,0.00000000
0.37481932,0.90218000,0.34808391,0.90950000,0.00000000
0.37219508,0.90254000,0.34561624,0.90940000,0.00000000
0.36964543,0.90298000,0.34328369,0.90970000,0.00000000
0.36716838,0.90334000,0.34098480,0.90990000,0.00000000
0.36476324,0.90382000,0.33880316,0.91070000,0.00000000
0.36241057,0.90428000,0.33654780,0.91130000,0.00000000
0.36013718,0.90468000,0.33452471,0.91200000,0.00000000
0.35789436,0.90498000,0.33239600,0.91260000,0.00000000
0.35571859,0.90534000,0.33041790,0.91280000,0.00000000
0.35361044,0.90570000,0.32840222,0.91360000,0.00000000
0.35152803,0.90600000,0.32657622,0.91340000,0.00000000
0.34950244,0.90638000,0.32468765,0.91370000,0.00000000
0.34752629,0.90678000,0.32288464,0.91380000,0.00000000
0.34558330,0.90724000,0.32111879,0.91470000,0.00000000
0.34369660,0.90758000,0.31934874,0.91530000,0.00000000
0.34183788,0.90796000,0.31766262,0.91590000,0.00000000
0.34003748,0.90830000,0.31601593,0.91570000,0.00000000
0.33826665,0.90868000,0.31435052,0.91610000,0.00000000
0.33650986,0.90922000,0.31273868,0.91620000,0.00000000
0.33480048,0.90936000,0.31124590,0.91610000,0.00000000
0.33312614,0.90980000,0.30973872,0.91660000,0.00000000
0.33148493,0.91026000,0.30821640,0.91710000,0.00000000
0.32988512,0.91040000,0.30671527,0.91760000,0.00000000
0.32829477,0.91090000,0.30532689,0.91750000,0.00000000
0.32673817,0.91128000,0.30391143,0.91790000,0.00000000
