activation: selu, batch_size: 50, learning_rate: 0.05, number_epochs: 100, init: GlorotUniformInit, time: 542.46
error(train),acc(train),error(valid),acc(valid),params_penalty
3.08114222,0.12840000,3.09683238,0.12550000,0.00000000
0.15002688,0.95570000,0.15788966,0.95510000,0.00000000
0.08751226,0.97384000,0.11021333,0.96920000,0.00000000
0.06828996,0.97988000,0.09948768,0.97030000,0.00000000
0.05214222,0.98454000,0.09070094,0.97280000,0.00000000
0.03987208,0.98886000,0.08532446,0.97490000,0.00000000
0.03239493,0.99102000,0.08863492,0.97620000,0.00000000
0.02530183,0.99310000,0.08371444,0.97600000,0.00000000
0.02206916,0.99424000,0.08421375,0.97570000,0.00000000
0.01648226,0.99596000,0.08601343,0.97780000,0.00000000
0.01486183,0.99638000,0.08731502,0.97590000,0.00000000
0.01022947,0.99826000,0.08701694,0.97730000,0.00000000
0.00899258,0.99846000,0.08281874,0.97980000,0.00000000
0.00886702,0.99812000,0.08777512,0.97850000,0.00000000
0.00710394,0.99908000,0.09376429,0.97750000,0.00000000
0.00420365,0.99966000,0.08666434,0.97950000,0.00000000
0.00328335,0.99986000,0.09040691,0.97830000,0.00000000
0.00262769,0.99992000,0.08920681,0.97860000,0.00000000
0.00231450,0.99992000,0.09119764,0.97870000,0.00000000
0.00202277,0.99994000,0.09194462,0.97880000,0.00000000
0.00185216,0.99994000,0.09428659,0.97870000,0.00000000
0.00162027,1.00000000,0.09277013,0.97920000,0.00000000
0.00145814,0.99998000,0.09503760,0.97860000,0.00000000
0.00131852,1.00000000,0.09566107,0.97920000,0.00000000
0.00127759,1.00000000,0.09627264,0.97900000,0.00000000
0.00115195,1.00000000,0.09745593,0.97950000,0.00000000
0.00103982,1.00000000,0.09821705,0.97950000,0.00000000
0.00100986,1.00000000,0.09906264,0.97900000,0.00000000
0.00102176,1.00000000,0.09808597,0.97920000,0.00000000
0.00087033,1.00000000,0.09950773,0.97940000,0.00000000
0.00083903,1.00000000,0.10019459,0.97950000,0.00000000
0.00077750,1.00000000,0.10028442,0.97950000,0.00000000
0.00075614,1.00000000,0.10165601,0.97960000,0.00000000
0.00069920,1.00000000,0.10173087,0.98000000,0.00000000
0.00070135,1.00000000,0.10168009,0.97970000,0.00000000
0.00064796,1.00000000,0.10255149,0.97990000,0.00000000
0.00061221,1.00000000,0.10268850,0.98020000,0.00000000
0.00060210,1.00000000,0.10282769,0.98010000,0.00000000
0.00057031,1.00000000,0.10418633,0.97990000,0.00000000
0.00055252,1.00000000,0.10418463,0.97960000,0.00000000
0.00053156,1.00000000,0.10498837,0.97980000,0.00000000
0.00051174,1.00000000,0.10510221,0.97970000,0.00000000
0.00048952,1.00000000,0.10610403,0.98000000,0.00000000
0.00048177,1.00000000,0.10641667,0.97930000,0.00000000
0.00045740,1.00000000,0.10685239,0.98000000,0.00000000
0.00044799,1.00000000,0.10710733,0.97990000,0.00000000
0.00042945,1.00000000,0.10726856,0.97970000,0.00000000
0.00041665,1.00000000,0.10690777,0.98020000,0.00000000
0.00040158,1.00000000,0.10783668,0.98020000,0.00000000
0.00039218,1.00000000,0.10795540,0.97950000,0.00000000
0.00038026,1.00000000,0.10864978,0.98010000,0.00000000
0.00037288,1.00000000,0.10840311,0.98020000,0.00000000
0.00036113,1.00000000,0.10901207,0.98000000,0.00000000
0.00035195,1.00000000,0.10934522,0.98010000,0.00000000
0.00034350,1.00000000,0.11001119,0.98020000,0.00000000
0.00033269,1.00000000,0.11038530,0.97980000,0.00000000
0.00032437,1.00000000,0.11025565,0.98010000,0.00000000
0.00031670,1.00000000,0.11062925,0.98000000,0.00000000
0.00030880,1.00000000,0.11102885,0.97990000,0.00000000
0.00030132,1.00000000,0.11093873,0.97990000,0.00000000
0.00029575,1.00000000,0.11184663,0.97980000,0.00000000
0.00028892,1.00000000,0.11211908,0.97970000,0.00000000
0.00028404,1.00000000,0.11201195,0.97980000,0.00000000
0.00027700,1.00000000,0.11232327,0.98020000,0.00000000
0.00027116,1.00000000,0.11262279,0.97940000,0.00000000
0.00026585,1.00000000,0.11233072,0.98000000,0.00000000
0.00025812,1.00000000,0.11275336,0.97970000,0.00000000
0.00025373,1.00000000,0.11322027,0.97990000,0.00000000
0.00024847,1.00000000,0.11331815,0.98000000,0.00000000
0.00024449,1.00000000,0.11391492,0.97980000,0.00000000
0.00023969,1.00000000,0.11404302,0.97970000,0.00000000
0.00023733,1.00000000,0.11408036,0.98010000,0.00000000
0.00023087,1.00000000,0.11456728,0.97960000,0.00000000
0.00022696,1.00000000,0.11479440,0.97970000,0.00000000
0.00022218,1.00000000,0.11450512,0.98010000,0.00000000
0.00021869,1.00000000,0.11504373,0.98010000,0.00000000
0.00021628,1.00000000,0.11463480,0.97980000,0.00000000
0.00021075,1.00000000,0.11526813,0.98000000,0.00000000
0.00020711,1.00000000,0.11574958,0.97960000,0.00000000
0.00020323,1.00000000,0.11594355,0.97980000,0.00000000
0.00019959,1.00000000,0.11596834,0.97990000,0.00000000
0.00019795,1.00000000,0.11645704,0.97960000,0.00000000
0.00019459,1.00000000,0.11668721,0.97980000,0.00000000
0.00019026,1.00000000,0.11653274,0.98000000,0.00000000
0.00018734,1.00000000,0.11680669,0.97970000,0.00000000
0.00018491,1.00000000,0.11718501,0.97980000,0.00000000
0.00018206,1.00000000,0.11705009,0.97960000,0.00000000
0.00017944,1.00000000,0.11752710,0.97980000,0.00000000
0.00017661,1.00000000,0.11753348,0.97970000,0.00000000
0.00017352,1.00000000,0.11776286,0.97960000,0.00000000
0.00017112,1.00000000,0.11802940,0.97960000,0.00000000
0.00016889,1.00000000,0.11823581,0.97950000,0.00000000
0.00016642,1.00000000,0.11839676,0.97970000,0.00000000
0.00016397,1.00000000,0.11842270,0.97980000,0.00000000
0.00016236,1.00000000,0.11867659,0.97990000,0.00000000
0.00015958,1.00000000,0.11881966,0.97990000,0.00000000
0.00015839,1.00000000,0.11868698,0.97970000,0.00000000
0.00015550,1.00000000,0.11929525,0.97990000,0.00000000
0.00015320,1.00000000,0.11921841,0.97970000,0.00000000
0.00015118,1.00000000,0.11937984,0.97980000,0.00000000
0.00014933,1.00000000,0.11961352,0.97990000,0.00000000
