activation: selu, batch_size: 50, learning_rate: 0.05, number_epochs: 100, init: GlorotUniformInit, time: 484.96
error(train),acc(train),error(valid),acc(valid),params_penalty
2.31795008,0.10374000,2.32037019,0.09900000,0.00000000
0.17279538,0.94690000,0.17694932,0.94750000,0.00000000
0.11026828,0.96688000,0.12405513,0.96500000,0.00000000
0.08660265,0.97196000,0.11809632,0.96610000,0.00000000
0.07113781,0.97746000,0.10924007,0.96920000,0.00000000
0.05034285,0.98408000,0.09781043,0.97280000,0.00000000
0.04452101,0.98652000,0.10617657,0.96980000,0.00000000
0.03426254,0.98942000,0.09891588,0.97280000,0.00000000
0.02664175,0.99160000,0.09861682,0.97360000,0.00000000
0.04216050,0.98626000,0.12122633,0.97170000,0.00000000
0.03076603,0.98960000,0.11172797,0.97360000,0.00000000
0.02154085,0.99296000,0.11989898,0.97410000,0.00000000
0.01591182,0.99460000,0.10946036,0.97690000,0.00000000
0.01374154,0.99552000,0.10661894,0.97720000,0.00000000
0.01162377,0.99622000,0.10563723,0.97740000,0.00000000
0.00945611,0.99686000,0.11466998,0.97640000,0.00000000
0.01341092,0.99514000,0.12467527,0.97500000,0.00000000
0.00873765,0.99702000,0.12392484,0.97830000,0.00000000
0.01403282,0.99540000,0.11958724,0.97630000,0.00000000
0.00886056,0.99712000,0.12208036,0.97830000,0.00000000
0.00909051,0.99684000,0.12711781,0.97650000,0.00000000
0.00092648,0.99990000,0.11570202,0.98070000,0.00000000
0.00048722,0.99998000,0.11587373,0.98070000,0.00000000
0.00030375,0.99998000,0.11404376,0.98100000,0.00000000
0.00025048,1.00000000,0.11709013,0.98130000,0.00000000
0.00020602,1.00000000,0.11731291,0.98110000,0.00000000
0.00018705,1.00000000,0.11844510,0.98120000,0.00000000
0.00016888,1.00000000,0.11997975,0.98110000,0.00000000
0.00014555,1.00000000,0.12076188,0.98100000,0.00000000
0.00013279,1.00000000,0.12159228,0.98110000,0.00000000
0.00012377,1.00000000,0.12276617,0.98080000,0.00000000
0.00011355,1.00000000,0.12348037,0.98110000,0.00000000
0.00010568,1.00000000,0.12380234,0.98090000,0.00000000
0.00009960,1.00000000,0.12485993,0.98090000,0.00000000
0.00009319,1.00000000,0.12566724,0.98110000,0.00000000
0.00008795,1.00000000,0.12599770,0.98120000,0.00000000
0.00008343,1.00000000,0.12671933,0.98120000,0.00000000
0.00007880,1.00000000,0.12709025,0.98140000,0.00000000
0.00007512,1.00000000,0.12792688,0.98120000,0.00000000
0.00007146,1.00000000,0.12828431,0.98130000,0.00000000
0.00006840,1.00000000,0.12885877,0.98120000,0.00000000
0.00006520,1.00000000,0.12940894,0.98130000,0.00000000
0.00006251,1.00000000,0.12983515,0.98130000,0.00000000
0.00005990,1.00000000,0.13034236,0.98130000,0.00000000
0.00005757,1.00000000,0.13084997,0.98120000,0.00000000
0.00005534,1.00000000,0.13137193,0.98120000,0.00000000
0.00005331,1.00000000,0.13186245,0.98120000,0.00000000
0.00005150,1.00000000,0.13236157,0.98120000,0.00000000
0.00004973,1.00000000,0.13266862,0.98120000,0.00000000
0.00004805,1.00000000,0.13302096,0.98130000,0.00000000
0.00004655,1.00000000,0.13343978,0.98130000,0.00000000
0.00004495,1.00000000,0.13393229,0.98130000,0.00000000
0.00004357,1.00000000,0.13441467,0.98130000,0.00000000
0.00004229,1.00000000,0.13483574,0.98130000,0.00000000
0.00004106,1.00000000,0.13510699,0.98130000,0.00000000
0.00003986,1.00000000,0.13546127,0.98120000,0.00000000
0.00003877,1.00000000,0.13595490,0.98120000,0.00000000
0.00003773,1.00000000,0.13635612,0.98120000,0.00000000
0.00003672,1.00000000,0.13661270,0.98120000,0.00000000
0.00003580,1.00000000,0.13687100,0.98120000,0.00000000
0.00003485,1.00000000,0.13715709,0.98120000,0.00000000
0.00003402,1.00000000,0.13748182,0.98120000,0.00000000
0.00003317,1.00000000,0.13773799,0.98120000,0.00000000
0.00003238,1.00000000,0.13808293,0.98120000,0.00000000
0.00003161,1.00000000,0.13839833,0.98120000,0.00000000
0.00003090,1.00000000,0.13869055,0.98120000,0.00000000
0.00003020,1.00000000,0.13894066,0.98120000,0.00000000
0.00002953,1.00000000,0.13927283,0.98120000,0.00000000
0.00002889,1.00000000,0.13964776,0.98120000,0.00000000
0.00002829,1.00000000,0.13989493,0.98120000,0.00000000
0.00002768,1.00000000,0.14011999,0.98120000,0.00000000
0.00002712,1.00000000,0.14045568,0.98130000,0.00000000
0.00002657,1.00000000,0.14062205,0.98130000,0.00000000
0.00002605,1.00000000,0.14092697,0.98130000,0.00000000
0.00002554,1.00000000,0.14122319,0.98130000,0.00000000
0.00002505,1.00000000,0.14146241,0.98130000,0.00000000
0.00002458,1.00000000,0.14170539,0.98130000,0.00000000
0.00002412,1.00000000,0.14194008,0.98130000,0.00000000
0.00002368,1.00000000,0.14220535,0.98130000,0.00000000
0.00002325,1.00000000,0.14242828,0.98130000,0.00000000
0.00002284,1.00000000,0.14263539,0.98130000,0.00000000
0.00002244,1.00000000,0.14286192,0.98130000,0.00000000
0.00002206,1.00000000,0.14308703,0.98130000,0.00000000
0.00002169,1.00000000,0.14336560,0.98130000,0.00000000
0.00002132,1.00000000,0.14355138,0.98120000,0.00000000
0.00002097,1.00000000,0.14381261,0.98120000,0.00000000
0.00002063,1.00000000,0.14401240,0.98120000,0.00000000
0.00002030,1.00000000,0.14420294,0.98130000,0.00000000
0.00001997,1.00000000,0.14441752,0.98130000,0.00000000
0.00001967,1.00000000,0.14462678,0.98120000,0.00000000
0.00001936,1.00000000,0.14480385,0.98120000,0.00000000
0.00001906,1.00000000,0.14502215,0.98120000,0.00000000
0.00001878,1.00000000,0.14518136,0.98120000,0.00000000
0.00001850,1.00000000,0.14538493,0.98130000,0.00000000
0.00001823,1.00000000,0.14558006,0.98120000,0.00000000
0.00001796,1.00000000,0.14577699,0.98120000,0.00000000
0.00001771,1.00000000,0.14598498,0.98120000,0.00000000
0.00001746,1.00000000,0.14617173,0.98120000,0.00000000
0.00001721,1.00000000,0.14633021,0.98120000,0.00000000
0.00001698,1.00000000,0.14653084,0.98120000,0.00000000
0.00001675,1.00000000,0.14668928,0.98120000,0.00000000
