activation: selu, batch_size: 50, learning_rate: 0.05, number_epochs: 100, init: GlorotUniformInit, time: 268.93
error(train),acc(train),error(valid),acc(valid),params_penalty
3.42375723,0.07678000,3.42524542,0.07720000,0.00000000
0.13215509,0.95996000,0.13923033,0.95780000,0.00000000
0.08155903,0.97552000,0.10666141,0.96790000,0.00000000
0.05570471,0.98366000,0.09483929,0.97140000,0.00000000
0.04988425,0.98382000,0.09754151,0.97060000,0.00000000
0.03684983,0.98894000,0.09324332,0.97300000,0.00000000
0.02308706,0.99326000,0.08724056,0.97410000,0.00000000
0.01965051,0.99434000,0.08921389,0.97580000,0.00000000
0.01414965,0.99614000,0.08201724,0.97800000,0.00000000
0.01591193,0.99488000,0.09795028,0.97460000,0.00000000
0.00833618,0.99838000,0.08840000,0.97820000,0.00000000
0.00589717,0.99906000,0.08964137,0.97810000,0.00000000
0.00386906,0.99960000,0.08919804,0.97950000,0.00000000
0.00305959,0.99968000,0.09244957,0.97880000,0.00000000
0.00203242,0.99988000,0.09316118,0.97840000,0.00000000
0.00170846,0.99994000,0.09462723,0.97950000,0.00000000
0.00118994,0.99998000,0.09394978,0.97920000,0.00000000
0.00106445,0.99998000,0.09624345,0.97930000,0.00000000
0.00118647,0.99992000,0.09703238,0.97960000,0.00000000
0.00082415,1.00000000,0.09853067,0.97950000,0.00000000
0.00071243,1.00000000,0.09873891,0.97940000,0.00000000
0.00073566,0.99998000,0.10090133,0.97930000,0.00000000
0.00060656,1.00000000,0.10117182,0.97910000,0.00000000
0.00057969,1.00000000,0.10230896,0.97920000,0.00000000
0.00051871,1.00000000,0.10201882,0.97940000,0.00000000
0.00049939,1.00000000,0.10388168,0.97950000,0.00000000
0.00045713,1.00000000,0.10392083,0.97960000,0.00000000
0.00042904,1.00000000,0.10464555,0.97920000,0.00000000
0.00040489,1.00000000,0.10519352,0.97900000,0.00000000
0.00039505,1.00000000,0.10553901,0.97950000,0.00000000
0.00036914,1.00000000,0.10654976,0.97940000,0.00000000
0.00035067,1.00000000,0.10725172,0.97920000,0.00000000
0.00033349,1.00000000,0.10760383,0.97980000,0.00000000
0.00032682,1.00000000,0.10860195,0.97910000,0.00000000
0.00030699,1.00000000,0.10895198,0.97950000,0.00000000
0.00029203,1.00000000,0.10976456,0.97940000,0.00000000
0.00027948,1.00000000,0.11029447,0.97930000,0.00000000
0.00026955,1.00000000,0.11049921,0.97950000,0.00000000
0.00025945,1.00000000,0.11087789,0.97970000,0.00000000
0.00024936,1.00000000,0.11137562,0.97960000,0.00000000
0.00024006,1.00000000,0.11149588,0.97980000,0.00000000
0.00023600,1.00000000,0.11227897,0.97940000,0.00000000
0.00022496,1.00000000,0.11236088,0.97960000,0.00000000
0.00021651,1.00000000,0.11302976,0.97930000,0.00000000
0.00021040,1.00000000,0.11342871,0.97940000,0.00000000
0.00020430,1.00000000,0.11366820,0.98000000,0.00000000
0.00019863,1.00000000,0.11397683,0.97960000,0.00000000
0.00019155,1.00000000,0.11451342,0.97970000,0.00000000
0.00018654,1.00000000,0.11483521,0.97970000,0.00000000
0.00018147,1.00000000,0.11525085,0.97940000,0.00000000
0.00017649,1.00000000,0.11567465,0.97950000,0.00000000
0.00017197,1.00000000,0.11598412,0.97980000,0.00000000
0.00016770,1.00000000,0.11612355,0.97980000,0.00000000
0.00016345,1.00000000,0.11645432,0.97970000,0.00000000
0.00015909,1.00000000,0.11697206,0.97940000,0.00000000
0.00015515,1.00000000,0.11711500,0.97940000,0.00000000
0.00015172,1.00000000,0.11745631,0.97950000,0.00000000
0.00014871,1.00000000,0.11751393,0.97980000,0.00000000
0.00014456,1.00000000,0.11810986,0.97980000,0.00000000
0.00014142,1.00000000,0.11837101,0.97990000,0.00000000
0.00013846,1.00000000,0.11858126,0.97970000,0.00000000
0.00013529,1.00000000,0.11890868,0.97970000,0.00000000
0.00013294,1.00000000,0.11935485,0.97980000,0.00000000
0.00013005,1.00000000,0.11959056,0.97960000,0.00000000
0.00012764,1.00000000,0.11972890,0.97970000,0.00000000
0.00012477,1.00000000,0.11977085,0.97960000,0.00000000
0.00012177,1.00000000,0.12016499,0.97970000,0.00000000
0.00011932,1.00000000,0.12042052,0.97970000,0.00000000
0.00011748,1.00000000,0.12064906,0.97990000,0.00000000
0.00011484,1.00000000,0.12079663,0.97970000,0.00000000
0.00011290,1.00000000,0.12109883,0.97950000,0.00000000
0.00011076,1.00000000,0.12129054,0.97990000,0.00000000
0.00010879,1.00000000,0.12170823,0.97990000,0.00000000
0.00010677,1.00000000,0.12181805,0.98000000,0.00000000
0.00010532,1.00000000,0.12222931,0.98000000,0.00000000
0.00010318,1.00000000,0.12231619,0.97970000,0.00000000
0.00010132,1.00000000,0.12263745,0.97980000,0.00000000
0.00009974,1.00000000,0.12273878,0.97990000,0.00000000
0.00009791,1.00000000,0.12306817,0.97970000,0.00000000
0.00009630,1.00000000,0.12319649,0.97980000,0.00000000
0.00009496,1.00000000,0.12345589,0.97980000,0.00000000
0.00009332,1.00000000,0.12358400,0.97990000,0.00000000
0.00009200,1.00000000,0.12379644,0.98000000,0.00000000
0.00009044,1.00000000,0.12418328,0.97990000,0.00000000
0.00008902,1.00000000,0.12437611,0.97990000,0.00000000
0.00008768,1.00000000,0.12439595,0.97980000,0.00000000
0.00008638,1.00000000,0.12465444,0.97980000,0.00000000
0.00008511,1.00000000,0.12495178,0.97960000,0.00000000
0.00008380,1.00000000,0.12505112,0.97980000,0.00000000
0.00008265,1.00000000,0.12513311,0.98000000,0.00000000
0.00008135,1.00000000,0.12536750,0.97970000,0.00000000
0.00008018,1.00000000,0.12552568,0.97990000,0.00000000
0.00007912,1.00000000,0.12566617,0.97990000,0.00000000
0.00007803,1.00000000,0.12588635,0.97980000,0.00000000
0.00007711,1.00000000,0.12608680,0.97990000,0.00000000
0.00007592,1.00000000,0.12623520,0.97990000,0.00000000
0.00007500,1.00000000,0.12638488,0.98000000,0.00000000
0.00007401,1.00000000,0.12673620,0.97960000,0.00000000
0.00007299,1.00000000,0.12677157,0.97990000,0.00000000
0.00007201,1.00000000,0.12691193,0.98000000,0.00000000
0.00007111,1.00000000,0.12712604,0.97980000,0.00000000
