activation: selu, batch_size: 50, learning_rate: 0.001, number_epochs: 100, init: UniformFanOutInit, time: 223.92
error(train),acc(train),error(valid),acc(valid),params_penalty
8.67987020,0.09666000,8.74020507,0.09830000,0.00000000
0.63105921,0.82908000,0.58727960,0.84470000,0.00000000
0.47000306,0.86830000,0.44299761,0.87740000,0.00000000
0.39476442,0.88702000,0.38321292,0.89530000,0.00000000
0.34963413,0.90032000,0.34332806,0.90330000,0.00000000
0.31756392,0.90870000,0.31715407,0.91120000,0.00000000
0.29330414,0.91482000,0.29641850,0.91570000,0.00000000
0.27386658,0.92006000,0.28003813,0.92250000,0.00000000
0.25827457,0.92444000,0.26909200,0.92610000,0.00000000
0.24422805,0.92856000,0.25698788,0.92960000,0.00000000
0.23212431,0.93178000,0.24594681,0.93270000,0.00000000
0.22154809,0.93466000,0.23938010,0.93450000,0.00000000
0.21357459,0.93692000,0.23130680,0.93560000,0.00000000
0.20468747,0.93972000,0.22467431,0.93720000,0.00000000
0.19669365,0.94204000,0.21808846,0.93780000,0.00000000
0.19108779,0.94354000,0.21321806,0.93950000,0.00000000
0.18423610,0.94582000,0.20962492,0.94240000,0.00000000
0.17788375,0.94782000,0.20316790,0.94250000,0.00000000
0.17293875,0.94818000,0.19992151,0.94330000,0.00000000
0.16837514,0.94998000,0.19588618,0.94500000,0.00000000
0.16362590,0.95170000,0.19355947,0.94530000,0.00000000
0.15965592,0.95342000,0.19006648,0.94580000,0.00000000
0.15497676,0.95402000,0.18562438,0.94820000,0.00000000
0.15171355,0.95480000,0.18346549,0.94890000,0.00000000
0.14767748,0.95590000,0.17992417,0.94930000,0.00000000
0.14435781,0.95704000,0.17807364,0.95010000,0.00000000
0.14093553,0.95812000,0.17625573,0.94950000,0.00000000
0.13802224,0.95862000,0.17262315,0.95090000,0.00000000
0.13530723,0.95974000,0.17165195,0.95090000,0.00000000
0.13167952,0.96112000,0.16793479,0.95250000,0.00000000
0.12962084,0.96146000,0.16762259,0.95260000,0.00000000
0.12697679,0.96188000,0.16474746,0.95330000,0.00000000
0.12425057,0.96288000,0.16359958,0.95410000,0.00000000
0.12270996,0.96330000,0.16302839,0.95410000,0.00000000
0.11938370,0.96456000,0.15965513,0.95450000,0.00000000
0.11734658,0.96520000,0.15848790,0.95610000,0.00000000
0.11532061,0.96594000,0.15690701,0.95530000,0.00000000
0.11321876,0.96662000,0.15528762,0.95630000,0.00000000
0.11127909,0.96736000,0.15496589,0.95740000,0.00000000
0.10919158,0.96798000,0.15341918,0.95650000,0.00000000
0.10762401,0.96878000,0.15185095,0.95710000,0.00000000
0.10596886,0.96890000,0.15258701,0.95760000,0.00000000
0.10371248,0.96956000,0.14978989,0.95780000,0.00000000
0.10270765,0.96984000,0.14819991,0.95840000,0.00000000
0.10066054,0.97068000,0.14779780,0.95880000,0.00000000
0.09918568,0.97138000,0.14651841,0.95890000,0.00000000
0.09784108,0.97160000,0.14544714,0.95920000,0.00000000
0.09634682,0.97190000,0.14519067,0.95950000,0.00000000
0.09472205,0.97248000,0.14434112,0.95900000,0.00000000
0.09337052,0.97318000,0.14304615,0.96040000,0.00000000
0.09176049,0.97352000,0.14276892,0.96000000,0.00000000
0.09044783,0.97384000,0.14170318,0.96010000,0.00000000
0.08938929,0.97404000,0.13973580,0.96120000,0.00000000
0.08819639,0.97468000,0.13913685,0.96200000,0.00000000
0.08673143,0.97498000,0.13947254,0.96100000,0.00000000
0.08550574,0.97524000,0.13909114,0.96200000,0.00000000
0.08433998,0.97562000,0.13770430,0.96180000,0.00000000
0.08339565,0.97586000,0.13782877,0.96120000,0.00000000
0.08208863,0.97642000,0.13582627,0.96220000,0.00000000
0.08104709,0.97690000,0.13567762,0.96160000,0.00000000
0.07991127,0.97690000,0.13523985,0.96190000,0.00000000
0.07891230,0.97710000,0.13517094,0.96210000,0.00000000
0.07845491,0.97746000,0.13504398,0.96170000,0.00000000
0.07781946,0.97792000,0.13463221,0.96220000,0.00000000
0.07615208,0.97824000,0.13304872,0.96230000,0.00000000
0.07515486,0.97872000,0.13291168,0.96220000,0.00000000
0.07411653,0.97928000,0.13246119,0.96220000,0.00000000
0.07370219,0.97934000,0.13224445,0.96270000,0.00000000
0.07257296,0.97950000,0.13088290,0.96310000,0.00000000
0.07142749,0.97982000,0.13037213,0.96300000,0.00000000
0.07122651,0.97976000,0.13093257,0.96290000,0.00000000
0.06966990,0.98016000,0.12965622,0.96310000,0.00000000
0.06910648,0.98066000,0.12964978,0.96310000,0.00000000
0.06838080,0.98042000,0.12967483,0.96320000,0.00000000
0.06741273,0.98090000,0.12882159,0.96330000,0.00000000
0.06692414,0.98086000,0.12891116,0.96350000,0.00000000
0.06613193,0.98124000,0.12877581,0.96370000,0.00000000
0.06513727,0.98168000,0.12790487,0.96390000,0.00000000
0.06455269,0.98204000,0.12678982,0.96390000,0.00000000
0.06383728,0.98228000,0.12751150,0.96400000,0.00000000
0.06291161,0.98244000,0.12679339,0.96380000,0.00000000
0.06231404,0.98262000,0.12594704,0.96400000,0.00000000
0.06152559,0.98306000,0.12595872,0.96510000,0.00000000
0.06096773,0.98314000,0.12591600,0.96460000,0.00000000
0.06035502,0.98336000,0.12477343,0.96430000,0.00000000
0.05940989,0.98378000,0.12469680,0.96470000,0.00000000
0.05910736,0.98372000,0.12517946,0.96480000,0.00000000
0.05827684,0.98400000,0.12525260,0.96450000,0.00000000
0.05794413,0.98396000,0.12475008,0.96480000,0.00000000
0.05745209,0.98418000,0.12393686,0.96550000,0.00000000
0.05692783,0.98464000,0.12429937,0.96500000,0.00000000
0.05591830,0.98486000,0.12336022,0.96520000,0.00000000
0.05532852,0.98512000,0.12351789,0.96520000,0.00000000
0.05480369,0.98540000,0.12374825,0.96460000,0.00000000
0.05430954,0.98538000,0.12261862,0.96570000,0.00000000
0.05358329,0.98580000,0.12351379,0.96540000,0.00000000
0.05312907,0.98574000,0.12305120,0.96560000,0.00000000
0.05274620,0.98608000,0.12266015,0.96480000,0.00000000
0.05191626,0.98628000,0.12209138,0.96540000,0.00000000
0.05136354,0.98646000,0.12169097,0.96590000,0.00000000
0.05085600,0.98658000,0.12150978,0.96550000,0.00000000
