activation: selu, batch_size: 50, learning_rate: 0.05, number_epochs: 100, init: GlorotUniformInit, time: 605.48
error(train),acc(train),error(valid),acc(valid),params_penalty
2.30028535,0.11358000,2.30143223,0.11350000,0.00000000
0.18969542,0.94272000,0.19572016,0.94150000,0.00000000
0.11937954,0.96432000,0.13073406,0.96370000,0.00000000
0.10254710,0.96754000,0.12607777,0.96250000,0.00000000
0.09777558,0.96872000,0.13077229,0.96160000,0.00000000
0.05830867,0.98176000,0.10249024,0.97130000,0.00000000
0.04805780,0.98528000,0.10096129,0.97260000,0.00000000
0.03956005,0.98734000,0.09718210,0.97240000,0.00000000
0.04420891,0.98606000,0.10760961,0.97100000,0.00000000
0.03371881,0.98916000,0.10419087,0.97250000,0.00000000
0.02816257,0.99068000,0.10204508,0.97390000,0.00000000
0.03447324,0.98826000,0.12084641,0.97210000,0.00000000
0.01833776,0.99396000,0.11145615,0.97200000,0.00000000
0.01478135,0.99556000,0.10957018,0.97340000,0.00000000
0.02024757,0.99366000,0.11533542,0.97510000,0.00000000
0.02009398,0.99332000,0.11925302,0.97220000,0.00000000
0.01176663,0.99598000,0.11186686,0.97710000,0.00000000
0.01821849,0.99406000,0.12737381,0.97260000,0.00000000
0.01169845,0.99620000,0.11153397,0.97790000,0.00000000
0.00727810,0.99754000,0.12265423,0.97460000,0.00000000
0.01200545,0.99582000,0.12715003,0.97670000,0.00000000
0.01103367,0.99634000,0.13084932,0.97600000,0.00000000
0.00800372,0.99714000,0.11897111,0.97700000,0.00000000
0.00929723,0.99692000,0.14389135,0.97420000,0.00000000
0.01135988,0.99626000,0.14115769,0.97530000,0.00000000
0.00729325,0.99732000,0.13209396,0.97630000,0.00000000
0.02269883,0.99358000,0.16472907,0.97110000,0.00000000
0.00797180,0.99738000,0.14136615,0.97490000,0.00000000
0.00908297,0.99724000,0.14177131,0.97580000,0.00000000
0.00231158,0.99924000,0.13350469,0.97730000,0.00000000
0.00059034,0.99984000,0.13177747,0.97900000,0.00000000
0.00026064,0.99998000,0.13279753,0.97880000,0.00000000
0.00015455,1.00000000,0.13313648,0.97950000,0.00000000
0.00020550,0.99996000,0.13422754,0.97950000,0.00000000
0.00009504,1.00000000,0.13456945,0.97980000,0.00000000
0.00008158,1.00000000,0.13537611,0.98000000,0.00000000
0.00007387,1.00000000,0.13606804,0.98010000,0.00000000
0.00006686,1.00000000,0.13675797,0.98010000,0.00000000
0.00006170,1.00000000,0.13758331,0.98010000,0.00000000
0.00005698,1.00000000,0.13818492,0.98030000,0.00000000
0.00005356,1.00000000,0.13866356,0.98030000,0.00000000
0.00004984,1.00000000,0.13926217,0.98020000,0.00000000
0.00004700,1.00000000,0.13988489,0.98010000,0.00000000
0.00004409,1.00000000,0.14048844,0.98010000,0.00000000
0.00004174,1.00000000,0.14103981,0.98010000,0.00000000
0.00003967,1.00000000,0.14153448,0.98010000,0.00000000
0.00003772,1.00000000,0.14209001,0.98010000,0.00000000
0.00003607,1.00000000,0.14254224,0.98010000,0.00000000
0.00003440,1.00000000,0.14300790,0.98010000,0.00000000
0.00003302,1.00000000,0.14350884,0.98010000,0.00000000
0.00003161,1.00000000,0.14389394,0.98010000,0.00000000
0.00003035,1.00000000,0.14437745,0.98000000,0.00000000
0.00002920,1.00000000,0.14475836,0.98000000,0.00000000
0.00002813,1.00000000,0.14517026,0.98000000,0.00000000
0.00002719,1.00000000,0.14556113,0.98000000,0.00000000
0.00002621,1.00000000,0.14594246,0.98000000,0.00000000
0.00002533,1.00000000,0.14635030,0.98000000,0.00000000
0.00002450,1.00000000,0.14673752,0.98000000,0.00000000
0.00002373,1.00000000,0.14706786,0.98010000,0.00000000
0.00002303,1.00000000,0.14734360,0.98000000,0.00000000
0.00002232,1.00000000,0.14775281,0.98010000,0.00000000
0.00002170,1.00000000,0.14807907,0.98000000,0.00000000
0.00002106,1.00000000,0.14839121,0.98000000,0.00000000
0.00002049,1.00000000,0.14874725,0.98000000,0.00000000
0.00001993,1.00000000,0.14903989,0.98010000,0.00000000
0.00001940,1.00000000,0.14931579,0.98010000,0.00000000
0.00001891,1.00000000,0.14961180,0.98010000,0.00000000
0.00001843,1.00000000,0.14991892,0.98010000,0.00000000
0.00001798,1.00000000,0.15021809,0.98010000,0.00000000
0.00001756,1.00000000,0.15049874,0.98010000,0.00000000
0.00001714,1.00000000,0.15077311,0.98010000,0.00000000
0.00001674,1.00000000,0.15104353,0.98010000,0.00000000
0.00001637,1.00000000,0.15132031,0.98000000,0.00000000
0.00001601,1.00000000,0.15160097,0.97990000,0.00000000
0.00001566,1.00000000,0.15185499,0.97990000,0.00000000
0.00001533,1.00000000,0.15209397,0.97990000,0.00000000
0.00001501,1.00000000,0.15235774,0.97990000,0.00000000
0.00001470,1.00000000,0.15261287,0.97990000,0.00000000
0.00001441,1.00000000,0.15284939,0.97990000,0.00000000
0.00001412,1.00000000,0.15306417,0.97990000,0.00000000
0.00001385,1.00000000,0.15329402,0.98000000,0.00000000
0.00001358,1.00000000,0.15353407,0.98000000,0.00000000
0.00001333,1.00000000,0.15376606,0.98000000,0.00000000
0.00001308,1.00000000,0.15399856,0.98000000,0.00000000
0.00001285,1.00000000,0.15422943,0.98000000,0.00000000
0.00001262,1.00000000,0.15445830,0.98000000,0.00000000
0.00001240,1.00000000,0.15468483,0.97990000,0.00000000
0.00001218,1.00000000,0.15490256,0.97990000,0.00000000
0.00001197,1.00000000,0.15508349,0.97990000,0.00000000
0.00001177,1.00000000,0.15528170,0.97990000,0.00000000
0.00001158,1.00000000,0.15548268,0.97990000,0.00000000
0.00001139,1.00000000,0.15569913,0.97980000,0.00000000
0.00001121,1.00000000,0.15591467,0.97990000,0.00000000
0.00001103,1.00000000,0.15609623,0.97980000,0.00000000
0.00001085,1.00000000,0.15628585,0.97980000,0.00000000
0.00001069,1.00000000,0.15648393,0.97980000,0.00000000
0.00001052,1.00000000,0.15667808,0.97980000,0.00000000
0.00001037,1.00000000,0.15685425,0.97980000,0.00000000
0.00001021,1.00000000,0.15703454,0.97980000,0.00000000
0.00001006,1.00000000,0.15722527,0.97980000,0.00000000
0.00000992,1.00000000,0.15742077,0.97980000,0.00000000
