activation: selu, batch_size: 50, learning_rate: 0.05, number_epochs: 100, init: GlorotUniformInit, time: 588.04
error(train),acc(train),error(valid),acc(valid),params_penalty
2.83335895,0.10576000,2.84564875,0.10180000,0.00000000
0.12641474,0.96116000,0.14477358,0.95650000,0.00000000
0.07346721,0.97674000,0.11449021,0.96770000,0.00000000
0.08108828,0.97284000,0.13482564,0.96170000,0.00000000
0.05465000,0.98244000,0.10568316,0.96860000,0.00000000
0.04978170,0.98284000,0.12072655,0.96800000,0.00000000
0.03103641,0.98956000,0.10485369,0.97120000,0.00000000
0.02452462,0.99188000,0.10579652,0.97130000,0.00000000
0.01670377,0.99444000,0.10148961,0.97380000,0.00000000
0.02081246,0.99260000,0.11304430,0.97190000,0.00000000
0.02798980,0.99028000,0.12896356,0.97050000,0.00000000
0.00882334,0.99720000,0.10502116,0.97600000,0.00000000
0.01131653,0.99598000,0.11977443,0.97480000,0.00000000
0.01164871,0.99612000,0.12262720,0.97530000,0.00000000
0.02095032,0.99282000,0.13875307,0.97350000,0.00000000
0.03118154,0.99276000,0.14346204,0.97370000,0.00000000
0.00385020,0.99884000,0.11352746,0.97730000,0.00000000
0.00162493,0.99968000,0.11064584,0.97830000,0.00000000
0.00035364,1.00000000,0.10462951,0.97980000,0.00000000
0.00021315,1.00000000,0.10482028,0.98030000,0.00000000
0.00016630,1.00000000,0.10623637,0.98030000,0.00000000
0.00014217,1.00000000,0.10724407,0.98060000,0.00000000
0.00012777,1.00000000,0.10828661,0.98090000,0.00000000
0.00011496,1.00000000,0.10898070,0.98060000,0.00000000
0.00010494,1.00000000,0.10992922,0.98040000,0.00000000
0.00009714,1.00000000,0.11044790,0.98040000,0.00000000
0.00009082,1.00000000,0.11125131,0.98050000,0.00000000
0.00008493,1.00000000,0.11187885,0.98050000,0.00000000
0.00007980,1.00000000,0.11270797,0.98040000,0.00000000
0.00007552,1.00000000,0.11299068,0.98050000,0.00000000
0.00007132,1.00000000,0.11368171,0.98040000,0.00000000
0.00006780,1.00000000,0.11416420,0.98060000,0.00000000
0.00006462,1.00000000,0.11459504,0.98070000,0.00000000
0.00006165,1.00000000,0.11504118,0.98070000,0.00000000
0.00005897,1.00000000,0.11559658,0.98070000,0.00000000
0.00005648,1.00000000,0.11595950,0.98090000,0.00000000
0.00005427,1.00000000,0.11645856,0.98080000,0.00000000
0.00005214,1.00000000,0.11685863,0.98080000,0.00000000
0.00005018,1.00000000,0.11727969,0.98080000,0.00000000
0.00004839,1.00000000,0.11767327,0.98090000,0.00000000
0.00004677,1.00000000,0.11805809,0.98090000,0.00000000
0.00004515,1.00000000,0.11844414,0.98090000,0.00000000
0.00004367,1.00000000,0.11878371,0.98080000,0.00000000
0.00004236,1.00000000,0.11916441,0.98100000,0.00000000
0.00004100,1.00000000,0.11959657,0.98090000,0.00000000
0.00003976,1.00000000,0.11990517,0.98110000,0.00000000
0.00003860,1.00000000,0.12024163,0.98110000,0.00000000
0.00003753,1.00000000,0.12059091,0.98110000,0.00000000
0.00003649,1.00000000,0.12094597,0.98110000,0.00000000
0.00003550,1.00000000,0.12121312,0.98110000,0.00000000
0.00003456,1.00000000,0.12150488,0.98110000,0.00000000
0.00003368,1.00000000,0.12184417,0.98110000,0.00000000
0.00003284,1.00000000,0.12209296,0.98110000,0.00000000
0.00003204,1.00000000,0.12238057,0.98110000,0.00000000
0.00003128,1.00000000,0.12264611,0.98110000,0.00000000
0.00003054,1.00000000,0.12289368,0.98110000,0.00000000
0.00002985,1.00000000,0.12315370,0.98120000,0.00000000
0.00002918,1.00000000,0.12346074,0.98120000,0.00000000
0.00002853,1.00000000,0.12375160,0.98120000,0.00000000
0.00002792,1.00000000,0.12399232,0.98120000,0.00000000
0.00002733,1.00000000,0.12424659,0.98120000,0.00000000
0.00002676,1.00000000,0.12445461,0.98120000,0.00000000
0.00002622,1.00000000,0.12470700,0.98120000,0.00000000
0.00002569,1.00000000,0.12494671,0.98120000,0.00000000
0.00002519,1.00000000,0.12517957,0.98120000,0.00000000
0.00002470,1.00000000,0.12544232,0.98120000,0.00000000
0.00002423,1.00000000,0.12564796,0.98120000,0.00000000
0.00002378,1.00000000,0.12584622,0.98120000,0.00000000
0.00002334,1.00000000,0.12607850,0.98120000,0.00000000
0.00002292,1.00000000,0.12628778,0.98120000,0.00000000
0.00002251,1.00000000,0.12650456,0.98120000,0.00000000
0.00002212,1.00000000,0.12668122,0.98120000,0.00000000
0.00002174,1.00000000,0.12690161,0.98120000,0.00000000
0.00002137,1.00000000,0.12707332,0.98120000,0.00000000
0.00002101,1.00000000,0.12729622,0.98120000,0.00000000
0.00002067,1.00000000,0.12752295,0.98120000,0.00000000
0.00002033,1.00000000,0.12769531,0.98120000,0.00000000
0.00002000,1.00000000,0.12785726,0.98120000,0.00000000
0.00001969,1.00000000,0.12804089,0.98120000,0.00000000
0.00001938,1.00000000,0.12824297,0.98120000,0.00000000
0.00001908,1.00000000,0.12841597,0.98120000,0.00000000
0.00001879,1.00000000,0.12858309,0.98120000,0.00000000
0.00001851,1.00000000,0.12876335,0.98120000,0.00000000
0.00001824,1.00000000,0.12893675,0.98120000,0.00000000
0.00001797,1.00000000,0.12913482,0.98120000,0.00000000
0.00001772,1.00000000,0.12928903,0.98120000,0.00000000
0.00001746,1.00000000,0.12945051,0.98120000,0.00000000
0.00001722,1.00000000,0.12964414,0.98120000,0.00000000
0.00001698,1.00000000,0.12982002,0.98120000,0.00000000
0.00001675,1.00000000,0.12997721,0.98120000,0.00000000
0.00001652,1.00000000,0.13015291,0.98110000,0.00000000
0.00001630,1.00000000,0.13029463,0.98120000,0.00000000
0.00001608,1.00000000,0.13045702,0.98120000,0.00000000
0.00001587,1.00000000,0.13060815,0.98120000,0.00000000
0.00001567,1.00000000,0.13076199,0.98100000,0.00000000
0.00001547,1.00000000,0.13091388,0.98110000,0.00000000
0.00001528,1.00000000,0.13106251,0.98090000,0.00000000
0.00001508,1.00000000,0.13120735,0.98090000,0.00000000
0.00001490,1.00000000,0.13135189,0.98100000,0.00000000
0.00001472,1.00000000,0.13148577,0.98100000,0.00000000
0.00001454,1.00000000,0.13162749,0.98100000,0.00000000
